    0.0
    9.017270908791158
    18.034541817582316
    27.051812726373473
    36.06908363516463
    45.086354543955785
    54.10362545274695
    63.1208963615381
    72.13816727032926
    81.15543817912041
    90.17270908791157
    99.18997999670273
    108.2072509054939
    117.22452181428504
    126.2417927230762
    135.25906363186735
    144.27633454065852
    153.29360544944967
    162.31087635824082
    171.328147267032
    180.34541817582314
    189.3626890846143
    198.37995999340546
    207.3972309021966
    216.4145018109878
    225.43177271977893
    234.44904362857008
    243.46631453736126
    252.4835854461524
    261.50085635494355
    270.5181272637347
    279.5353981725259
    288.55266908131705
    297.5699399901082
    306.58721089889934
    315.6044818076905
    324.62175271648164
    333.63902362527284
    342.656294534064
    351.67356544285514
    360.6908363516463
    369.70810726043743
    378.7253781692286
    387.7426490780198
    396.7599199868109
    405.7771908956021
    414.7944618043932
    423.81173271318437
    432.8290036219756
    441.8462745307667
    450.86354543955787
    459.880816348349
    468.89808725714016
    477.9153581659313
    486.9326290747225
    495.94989998351366
    504.9671708923048
    513.984441801096
    523.0017127098871
    532.0189836186782
    541.0362545274694
    550.0535254362605
    559.0707963450518
    568.088067253843
    577.1053381626341
    586.1226090714252
    595.1398799802164
    604.1571508890075
    613.1744217977987
    622.1916927065898
    631.208963615381
    640.2262345241721
    649.2435054329633
    658.2607763417544
    667.2780472505457
    676.2953181593368
    685.312589068128
    694.3298599769191
    703.3471308857103
    712.3644017945014
    721.3816727032926
    730.3989436120837
    739.4162145208749
    748.433485429666
    757.4507563384572
    766.4680272472484
    775.4852981560396
    784.5025690648307
    793.5198399736219
    802.537110882413
    811.5543817912042
    820.5716526999953
    829.5889236087864
    838.6061945175776
    847.6234654263687
    856.6407363351599
    865.6580072439511
    874.6752781527423
    883.6925490615334
    892.7098199703246
    901.7270908791157
    910.7443617879069
    919.761632696698
    928.7789036054892
    937.7961745142803
    946.8134454230715
    955.8307163318626
    964.8479872406539
    973.865258149445
    982.8825290582362
    991.8997999670273
    1000.9462011571409
    1010.2977150842985
    1019.7365971563459
    1029.2636636253685
    1038.8797383694284
    1048.5856529638115
    1058.3822467529408
    1068.2703669229602
    1078.250868574998
    1088.3246147991129
    1098.4924767489326
    1108.755333716989
    1119.1140732107583
    1129.5695910294082
    1140.1227913412665
    1150.7745867620115
    1161.5258984335908
    1172.3776561038821
    1183.3307982070933
    1194.3862719449178
    1205.5450333684455
    1216.808047460839
    1228.1762882207845
    1239.6507387467207
    1251.2323913218536
    1262.9222474999676
    1274.7213181920388
    1286.630623753653
    1298.6511940732469
    1310.784068661168
    1323.0302967395705
    1335.3909373331494
    1347.8670593607212
    1360.4597417276627
    1373.1700734192118
    1385.9991535946406
    1398.948091682307
    1412.0180074755972
    1425.2100312297612
    1438.5253037596556
    1451.9649765383974
    1465.5302117969427
    1479.2221826245914
    1493.042073070434
    1506.9910782457466
    1521.0704044273389
    1535.2812691618724
    1549.62490137115
    1564.102541458389
    1578.715441415491
    1593.4648649313087
    1608.352087500928
    1623.3783965359694
    1638.54509147592
    1653.8534839005063
    1669.3048976431173
    1684.9006689052844
    1700.6421463722345
    1716.5306913295217
    1732.567677780746
    1748.754492566375
    1765.0925354836747
    1781.5832194077611
    1798.2279704137807
    1815.0282279002354
    1831.9854447134578
    1849.1010872732504
    1866.3766356996969
    1883.813583941161
    1901.413439903478
    1919.1777255803568
    1937.1079771849957
    1955.2057452829333
    1973.4725949261353
    1991.910105788338
    2010.5198723016545
    2029.3035037944564
    2048.2626246305463
    2067.3988743496275
    2086.7139078090886
    2106.20939532711
    2125.8870228271107
    2145.7484919835438
    2165.7955203690494
    2186.0298416029905
    2206.4532055013697
    2227.067378228149
    2247.8741424479867
    2268.875297480394
    2290.072659455336
    2311.468061470291
    2333.063353748768
    2354.8604038003086
    2376.861096581991
    2399.0673346614303
    2421.4810383813096
    2444.104146025449
    2466.9386139864223
    2489.9864169347397
    2513.249547989615
    2536.730018891325
    2560.429860175179
    2584.3511213471156
    2608.4958710609408
    2632.866197297215
    2657.4642075438237
    2682.2920289782214
    2707.3518086513905
    2732.645713673509
    2758.1759314013575
    2783.94466962748
    2809.9541567711058
    2836.206642070856
    2862.704395779258
    2889.4497093590658
    2916.444895681422
    2943.692289225874
    2971.1942462822453
    2998.9531451544103
    3026.971386365959
    3055.251392867792
    3083.7956102476473
    3112.6065069415963
    3141.6865744474967
    3171.0383275404665
    3200.6643044903394
    3230.5670672811816
    3260.749201832841
    3291.2133182245684
    3321.9620509207325
    3352.9980589986494
    3384.324026378525
    3415.9426620555537
    3447.8567003341886
    3480.0689010646015
    3512.5820498813423
    3545.398958444236
    3578.5224646815263
    3611.9554330352976
    3645.7007547091844
    3679.761347918389
    3714.1401581420478
    3748.8401583779514
    3783.8643493996387
    3819.2157600158935
    3854.897447332673
    3890.9124970174807
    3927.264023566208
    3963.9551705724584
    4000.9891109994082
    4038.3690474541972
    4076.0982124648767
    4114.179868759953
    4152.617309550537
    4191.413858815146
    4230.572871587141
    4270.097734244861
    4309.991864804476
    4350.258713215569
    4390.901761659476
    4431.924524850415
    4473.330550339434
    4515.123418821194
    4557.30674444362
    4599.88417512044
    4642.859392846648
    4686.236114016922
    4730.018089747003
    4774.20910619808
    4818.812984904207
    4863.833583102794
    4909.27479406816
    4955.140547448212
    5001.434809604275
    5048.161583954099
    5095.324911318063
    5142.9288702686035
    5190.977577482934
    5239.4751880990425
    5288.4258960750185
    5337.833934551727
    5387.70357621889
    5438.039133684575
    5488.844959848149
    5540.125448276689
    5591.8850335849365
    5644.128191818795
    5696.859440842408
    5750.083340728846
    5803.804494154452
    5858.027546796881
    5912.757187736838
    5967.998149863576
    6023.755210284186
    6080.033190736718
    6136.836958007152
    6194.171424350256
    6252.041547914386
    6310.452333170275
    6369.40883134379
    6428.916140852746
    6488.979407747818
    6549.603826157559
    6610.794638737568
    6672.557137123861
    6734.896662390484
    6797.818605511402
    6861.328407826694
    6925.4315615130945
    6990.133610058955
    7055.44014874364
    7121.356825121381
    7187.889339509661
    7255.0434454821725
    7322.8249503663765
    7391.2397157457
    7460.293657966422
    7529.992748649321
    7600.343015206088
    7671.35054136055
    7743.021467674782
    7815.361992080118
    7888.378370413161
    7962.076916956753
    8036.464004986004
    8111.546067319469
    8187.329596875427
    8263.821147233375
    8341.027333200771
    8418.954831385041
    8497.610380771004
    8577.0007833036
    8657.132904476131
    8738.013673923948
    8819.650086023745
    8902.049200498392
    8985.218143027434
    9069.16410586333
    9153.894348453403
    9239.416198067627
    9325.737050432273
    9412.86437036945
    9500.8056924427
    9589.568621608509
    9679.160833874
    9769.59007696072
    9860.864170974659
    9952.991009082521
    10045.978558194261
    10139.834859652097
    10234.568029925875
    10330.186261314982
    10426.697822656788
    10524.111060041687
    10622.434397534907
    10721.676337904959
    10821.845463358944
    10922.950436284711
    11025.0
    